0 1.998374 2.987985
1 1.960657 3.154989
2 1.960657 3.066943
3 1.947026 3.112148
4 1.947026 3.105144
5 1.919897 3.078115
6 1.868511 2.985606
7 1.868511 2.977146
8 1.867698 2.851169
9 1.867698 2.990971
10 1.867698 2.968821
11 1.867698 3.090993
12 1.867698 3.049727
13 1.867698 2.988106
14 1.867698 3.014601
15 1.867698 3.071788
16 1.867698 3.164345
17 1.867698 3.081889
18 1.867698 3.146704
19 1.867698 3.175846
20 1.867698 3.234332
21 1.867698 3.152686
22 1.867698 3.026258
23 1.867698 3.027341
24 1.867698 3.058433
25 1.862589 3.246751
26 1.862589 3.043524
27 1.862589 2.972075
28 1.844563 3.037092
29 1.844563 2.98859
30 1.844563 3.025861
31 1.844563 3.087947
32 1.844563 2.96997
33 1.844563 2.936605
34 1.844563 3.011441
35 1.844563 3.023465
36 1.844563 2.830268
37 1.844563 2.834816
38 1.844563 2.946039
39 1.844563 2.953539
40 1.844563 2.948036
41 1.830423 2.943508
42 1.830423 3.004897
43 1.830423 2.936262
44 1.830423 2.949854
45 1.830423 2.889834
46 1.830423 2.938429
47 1.830423 2.908579
48 1.830423 2.9476
49 1.830423 3.003709
50 1.81722 2.941845
51 1.795025 2.843099
52 1.795025 2.720641
53 1.795025 2.784546
54 1.795025 2.676839
55 1.795025 2.635009
56 1.795025 2.662056
57 1.790031 2.887755
58 1.790031 2.682314
59 1.790031 2.908125
60 1.790031 2.865289
61 1.790031 2.790049
62 1.790031 2.823231
63 1.790031 2.916014
64 1.790031 2.997236
65 1.790031 2.957877
66 1.790031 2.991713
67 1.790031 2.903337
68 1.790031 2.923151
69 1.790031 2.92991
70 1.790031 2.875205
71 1.790031 3.029748
72 1.790031 3.030846
73 1.790031 3.094772
74 1.790031 3.120456
75 1.790031 3.117453
76 1.790031 3.162592
77 1.790031 3.024216
78 1.790031 3.151299
79 1.790031 3.178769
80 1.790031 3.05582
81 1.790031 3.055421
82 1.790031 2.881695
83 1.790031 2.945754
84 1.790031 3.050056
85 1.790031 3.124054
86 1.790031 3.113484
87 1.790031 3.148478
88 1.790031 3.024495
89 1.790031 2.97434
90 1.790031 2.9933
91 1.790031 3.023122
92 1.790031 2.995818
93 1.790031 2.962945
94 1.790031 2.9065
95 1.790031 2.827216
96 1.790031 2.736579
97 1.790031 2.763314
98 1.790031 2.71908
99 1.790031 2.738083
